4455
1786	1911
15	17
1183	1399
2695	2922
376	5031
975	1032
849	890
4550	4577
593	598
93	4961
4868	4870
4982	5042
510	573
3787	3788
1712	1922
2440	2683
4367	4368
3382	4851
144	203
4503	4504
765	775
32	105
496	497
1327	1328
1443	1549
3825	3826
2078	2192
1486	4984
211	213
1294	1295
2258	5139
520	521
1237	1238
3366	3717
1325	1366
2585	4971
3996	5171
1362	1865
2264	2307
858	883
940	941
2831	2836
4817	4818
1107	1318
86	152
139	151
2647	3255
5010	5056
2232	2358
4511	4627
4630	4654
947	948
2594	2910
3555	3652
808	5131
4238	4244
2491	2949
3835	3880
3331	3582
2995	5141
4540	4809
2404	5061
4710	4730
856	5135
2083	2086
69	4894
2578	3248
1691	2098
3491	3492
3900	3901
421	5013
3430	3620
3489	3499
4742	4748
4545	4580
1414	4942
2359	2372
1921	4988
2961	2962
3839	3840
5004	5105
19	191
1210	1310
2464	2992
2514	4947
1666	1863
631	697
3705	3706
2432	2817
4159	4163
2848	5016
1349	1630
1525	1950
2269	5078
2370	4989
3328	3741
777	5064
2202	2204
1300	5032
1103	1574
4002	5009
1285	1527
2886	5118
3549	3613
2929	3165
2695	3030
2573	2900
3770	3771
1600	2013
3974	3996
2854	5004
3345	3473
1099	1915
1727	1978
1031	1039
1591	1717
957	958
2499	2514
304	4996
1790	1817
3961	4035
4512	4703
1507	1819
3328	3329
3405	3457
4620	4626
1675	1801
1310	1311
3949	3957
1126	1477
1159	1771
1021	4981
598	658
4594	4612
4052	4053
1271	1272
3635	3636
1517	1926
4911	4915
1328	1460
3600	3629
2498	2770
3542	3668
4835	4924
1061	1543
3070	3085
1745	1871
3515	3551
4602	4655
1551	1623
838	4949
4740	4743
1617	2003
3972	4030
2521	5012
4569	4680
4154	4993
1182	1736
270	363
1411	2114
4729	4749
4962	5137
2303	5114
4571	4572
1136	5000
1419	1420
2828	2829
982	1056
3707	3708
4093	4117
1335	1507
1499	5104
3032	3102
5054	5061
1667	1668
5021	5054
1671	1686
3994	4034
4947	4978
84	222
3921	5035
139	5003
4384	4404
3641	3642
521	2313
2104	2158
537	558
2887	5118
3837	3908
2158	4984
2308	2331
4109	4110
5096	5123
4933	4936
1930	1939
297	5169
1274	4950
3652	3664
1726	1946
2759	5150
687	688
957	5076
3461	5001
1514	2023
2094	2143
3985	3986
1176	1468
43	182
2340	5143
885	5148
449	450
3636	3722
1281	1282
4690	4692
680	682
759	824
390	438
523	4121
1311	1541
997	1002
2956	5063
1326	1327
590	5050
267	4972
857	4949
4756	4759
1681	1804
3320	3678
2371	5057
20	21
1495	1538
2517	2519
4104	4226
387	447
3303	3673
2318	2371
4504	4618
509	566
3799	3942
2601	2934
2735	2739
2319	5145
1864	1934
2361	2363
3854	3862
4571	4615
1529	1695
2340	2420
3884	3911
1042	5153
2730	2732
3544	4863
4879	4915
5151	5167
4214	5010
1369	1370
2887	2889
2027	4977
2343	4036
4953	5086
3542	3654
1409	1984
3078	5072
2134	2147
3254	4973
4419	5100
1597	2039
1443	5093
4864	4878
4520	4598
104	5070
1164	1300
442	5134
540	541
2240	2314
3163	5026
1086	1479
4523	4555
3342	4876
1110	1211
4167	4209
2496	2762
4278	4280
3509	3514
3303	3451
4157	4195
925	928
4641	4642
2876	5162
1270	1374
2637	2935
2979	5043
24	5166
1543	1645
2608	2795
1461	2106
593	594
4423	4433
198	202
1072	2029
1101	5081
4698	4819
433	5041
169	171
3788	4985
761	815
1304	1305
4728	4775
2480	2556
941	1037
2504	2612
245	362
4552	4585
827	830
1088	1089
4196	4267
2907	4956
1895	1937
856	4964
3106	5005
2487	5097
3986	5171
569	5132
99	206
2004	4950
4552	4587
964	1014
147	5070
2703	3068
1075	1507
4606	4620
2228	2231
4563	4623
135	237
4735	4745
3379	3380
1575	2100
2615	2971
851	5135
505	524
1801	1808
2695	3022
3772	3773
875	5135
3401	3535
4958	4964
2479	5074
3493	3651
1006	1010
1073	5093
1319	1320
2447	4955
1529	1763
3989	4007
1205	1489
48	172
2541	2829
2523	4999
4220	5011
4857	4872
411	412
104	191
1783	2012
3379	3381
3226	4946
4093	4209
3855	3889
4195	5011
2066	2098
1359	1766
1438	1936
2203	2205
2563	5166
3429	3430
49	107
4211	4315
3328	3714
349	353
772	787
1923	2120
2522	3234
3523	3740
3680	3681
4592	4724
4757	5060
2827	3018
3478	5001
1367	1517
3957	3964
1946	2149
3953	4041
879	5023
2253	5057
3377	3433
1972	1992
4376	4970
598	600
547	554
2785	4954
702	703
2450	5150
3333	5128
325	326
4832	4900
582	586
767	5131
1192	1247
1461	2073
4156	4250
2498	3173
2606	2954
4784	5060
1710	2101
3494	3501
485	494
4945	4970
2793	5105
1150	1151
1295	5065
3571	3602
4633	5122
3750	3933
796	809
3158	5137
2777	5022
1146	1956
4003	4048
2696	2980
595	597
3906	4985
2631	3273
3876	3879
4555	4702
2058	2061
413	1249
3296	4862
2645	2649
1767	1768
4693	4695
1603	2002
485	497
3637	3638
2950	5097
7	9
1061	1063
1624	2100
1634	1965
402	5041
2661	3025
3332	4832
4116	4212
3360	5014
4889	4890
170	171
641	642
2946	5044
5035	5155
1663	1723
425	444
1130	1227
2353	5145
3771	3783
1314	1374
3991	4026
3268	4995
3045	3046
4481	4486
523	5156
1412	5103
1609	1971
4575	5057
2293	5002
4962	5012
4706	4746
3898	3924
4164	5010
3096	5036
794	5053
4031	4032
12	126
1072	1616
3983	4068
4918	4923
2191	5117
2493	2647
3750	3779
440	5041
3233	4995
924	927
1225	1226
2861	5126
4523	4769
4125	4993
4711	4725
488	492
1686	1916
4551	4625
2388	4661
3563	3745
1120	1177
126	209
2521	5137
4162	4163
4031	4040
1715	5121
4593	4636
1808	2164
2954	2955
2749	3084
3593	3663
1928	2081
2781	3005
3993	4013
540	542
3818	3890
4204	4263
3000	4971
5040	5081
2356	2412
1207	1990
2816	3199
2658	4986
1088	1221
2555	5085
2849	4976
1155	5104
1748	1905
659	713
4480	4656
614	615
1477	5006
673	675
1788	1897
4101	4102
1258	1354
2354	5069
1280	1310
2254	2312
37	38
1148	2064
2067	5080
694	5146
3276	5075
2568	2942
3329	3743
3402	3555
551	5132
1495	1524
2872	4971
3987	4079
1382	1383
1274	1362
1106	1667
3610	3662
94	4961
478	485
1207	1208
1695	1732
3958	4009
2480	2482
1052	5076
3335	4760
544	566
138	225
2153	2163
4030	4032
3619	3650
4494	4661
204	4961
278	315
736	737
4129	4187
4200	4941
4338	4970
4115	4149
2612	5058
4642	4646
2626	2628
840	841
4189	4285
4956	5085
4742	4743
2140	5113
1406	1407
2956	5095
992	1012
3351	3702
1662	4992
3819	3881
70	5116
2765	5012
907	4964
56	89
2168	5083
4446	4949
654	686
1082	1155
2498	2768
848	5148
803	2208
397	421
74	232
2824	2825
4559	4701
1129	1354
2084	2085
4731	4749
2859	2860
4575	4596
2656	5039
1200	1892
3314	3694
219	5017
1454	1457
1555	1721
4978	5074
875	898
2895	5052
531	532
2867	5125
940	962
3986	3988
1207	1360
1778	1850
1134	1324
3816	3820
1108	1138
1130	1188
72	5157
1626	2005
4647	5129
3351	3675
112	205
446	5127
1031	1041
2680	2681
3964	4000
656	670
1833	1931
4616	4655
4936	4938
4469	4486
2124	2135
2510	2511
5011	5056
240	355
1507	2203
144	235
4734	4758
2213	2214
3125	4944
1281	1787
362	363
4879	4925
508	567
4597	4967
4811	4824
2054	2197
43	5017
2385	2419
2453	5154
1182	2165
2942	3171
92	497
3008	3248
2555	2609
3247	5020
1754	1866
1249	1914
2315	2360
3184	3189
324	5107
1440	1517
2507	2623
849	880
3091	3102
1734	2053
37	5116
1075	1077
2535	2822
4966	4969
2478	4955
4008	4057
4487	4551
536	537
3782	4985
3813	3899
1875	4974
2612	3290
713	723
120	176
1645	2036
1796	1977
4539	4598
414	469
4146	4147
1512	2020
3606	3607
3662	3683
3513	3561
1101	1102
3562	5014
79	110
1487	4997
3980	4028
932	5051
1071	1372
1716	2112
4060	4062
3872	3917
5084	5108
3321	3547
759	814
779	815
503	505
3323	3455
1320	4997
2510	2628
463	5127
4246	5096
2432	2433
14	15
605	692
2321	5054
4012	4018
1215	1775
4907	4908
2435	4982
3343	3414
4722	4752
9	10
4469	4614
88	90
3708	3709
2571	2897
1011	1012
4871	4914
180	200
2497	2767
114	130
2248	2387
4486	4497
1241	4983
3412	3518
122	123
64	69
4074	4076
487	495
3333	5001
3577	3732
1493	1494
2932	3048
3145	3247
106	1056
2056	2082
211	212
79	80
4099	4994
3144	5034
3630	3742
485	5160
2485	3091
2756	5025
3151	4973
4107	4110
2858	5025
26	5017
2243	5057
3361	4678
4042	4044
1107	1144
1394	1405
583	646
941	1017
1144	1435
3376	5019
1301	1808
1517	2028
2262	5061
4468	4486
654	5018
1516	1819
4601	4625
426	5041
2660	2760
1602	1973
2446	2709
2491	2731
623	654
3799	4985
2275	5139
3898	3899
2564	3148
1654	1791
861	5046
1176	4984
1297	1427
842	843
1116	1970
1859	2024
3356	3602
5066	5085
3308	3471
3353	3613
1888	2158
4116	5011
215	5120
4493	4544
1829	2007
4941	5010
4435	4969
3358	5128
580	703
658	697
1777	1887
784	5131
4633	4744
729	730
1118	2196
4082	5158
1555	1840
2535	2660
1343	1365
1366	1374
1571	1619
1384	5006
4099	4284
1379	1401
3659	3687
1246	5103
394	396
2265	2287
2643	4955
4402	4970
4971	4986
4368	5108
3956	3970
4216	4217
1372	1404
3159	5036
1616	1660
3266	5094
2499	2730
105	175
533	569
1108	1268
4474	4647
867	5135
2297	2299
72	225
588	625
4510	4665
2550	5004
4046	4047
275	276
939	5076
1073	1470
1837	1953
3479	5001
2564	2791
4428	4430
2708	5063
1966	2035
3810	5029
4989	5143
1851	2120
2439	2440
2449	2546
33	175
2486	2959
4953	5062
188	229
3783	3871
1565	5165
980	1037
1331	5006
4366	5091
240	4996
2654	3189
3490	3546
4673	4677
1788	5121
3767	3839
1814	2012
1203	1205
3484	3740
4578	4622
1173	2181
1258	1293
2286	5021
4944	4971
3374	5019
1104	1443
3422	3672
2774	3003
493	498
3810	3858
699	729
4564	4685
717	721
2523	2615
2	3588
3332	4604
2115	2152
4354	4413
4401	4970
3446	3448
2869	3136
3468	3504
28	162
2057	2085
2430	5118
4204	4236
4456	4457
4100	5011
2542	2584
4194	4235
917	919
3906	4200
3410	3412
4016	4059
10	76
1593	1702
1512	1595
1593	2049
2990	4953
2606	5058
4563	4613
509	567
2426	5147
5040	5113
4344	4400
3208	5012
3373	4879
4102	5056
2341	2402
4194	5011
1513	5136
3353	3362
1327	1580
3899	3919
1513	1514
1071	5104
1857	4959
1815	1921
1379	1594
685	686
3407	3411
3297	3326
4455	4949
432	433
3690	3699
4537	4632
1748	1749
2025	4991
4741	4748
2705	2897
1099	1491
4535	4723
3075	3076
1080	5065
4914	4919
3244	4955
194	5070
4501	4765
475	4174
3513	3565
3620	3706
1461	2109
3963	4048
4855	4898
4570	4967
851	899
2416	2417
1844	1982
1758	1910
2546	3155
146	195
320	323
2353	5143
5021	5061
5079	5138
2103	2128
2441	4130
471	5127
25	54
502	550
2224	4989
3753	3774
4153	4164
2736	2828
3054	5026
3295	3553
786	787
1108	1366
2805	2806
164	165
4714	4733
1655	1884
3100	5150
2620	2977
1797	5093
2129	2154
2434	2579
1027	1046
2621	2979
4789	4793
3319	4865
3485	5001
1278	2204
423	440
4381	5091
5044	5125
2398	2401
4111	5024
3309	3475
2419	5054
3849	3928
2630	2949
4723	4724
1069	1420
2535	3018
3111	5034
4121	4180
3752	5155
4357	5100
4152	4216
4859	4861
3321	3608
414	416
784	801
1253	1254
1159	1906
2523	5085
1067	1853
1371	1496
813	1228
952	972
51	206
2280	2415
1065	1177
3341	3343
4509	5129
1473	2130
3852	5071
2274	2276
2550	2857
5036	5086
3958	3990
1461	2075
1610	1726
277	287
3642	3679
1308	5006
1469	2189
2963	2964
5025	5034
3952	3976
2738	3194
1652	1798
2065	2126
3971	3973
2500	5105
4726	4728
1338	1998
3315	5028
2779	2843
4329	4332
3439	3589
3688	3729
310	4987
4225	4271
1874	2129
1369	1904
392	395
1278	5111
2940	4025
4471	4767
1420	1454
4530	4768
2767	3101
4456	4949
558	559
3295	3296
2488	2633
2486	2742
2767	5039
332	381
3844	3845
1253	1344
3692	3693
487	5160
4121	5010
4911	4925
2572	2899
4770	4771
1061	2036
2377	2404
1694	1859
3764	4200
2886	2888
3888	5110
4793	4796
2583	2584
1124	1460
3124	5004
555	556
435	436
3372	3609
883	5046
2798	3176
1275	1451
1666	1916
3917	5110
820	4941
2687	5106
2772	2781
4672	4675
159	5070
3614	3663
507	566
3145	5020
1285	1475
26	137
1384	1477
3863	3902
5058	5097
582	627
2908	5085
4470	5119
3600	3720
4494	4617
4970	5073
3353	3366
2263	2365
2550	5058
951	1035
2302	2373
4799	5140
2249	5057
682	5018
3050	5085
1901	1902
2239	2292
3650	4886
2523	5118
4876	4877
981	4856
1368	1625
3959	3960
684	5146
1645	1752
3344	3574
4820	4821
759	5064
3837	3919
2239	5002
4133	4157
789	790
1505	4942
3157	5075
946	5109
1177	1505
2920	3168
4980	5091
3506	3507
1706	1854
750	806
2619	2975
2277	2278
1655	1753
2132	2146
4814	5119
3862	3915
4979	5111
4483	4773
4535	4674
4328	5084
4176	4177
414	463
1123	1276
4554	4569
3327	3577
2824	5012
590	591
1866	4979
2540	2550
615	637
4865	4888
1287	1536
651	5018
1285	1836
3781	3791
2624	2980
4470	4627
33	156
2234	5122
2564	3147
3324	3332
1163	1242
1358	5040
5046	5135
3408	3411
1525	1633
3724	5128
4200	4985
4211	4317
2020	5136
3346	3623
2351	5054
3153	3251
2566	2818
452	454
3557	3709
953	976
1963	1964
1272	1635
3294	3412
790	5067
2491	2496
2039	2079
1251	1290
2802	5163
4132	5048
1579	1986
1264	1433
3331	3706
3372	3622
4187	4301
100	101
4745	4752
4934	4935
954	1053
852	5135
1391	1426
4931	4932
2292	2316
2437	2673
215	500
2595	2606
2912	5036
691	692
4716	4752
1250	1257
1832	1839
300	363
397	401
3595	3727
2242	4632
3034	5066
429	453
1469	5027
613	614
816	5064
3898	3934
2514	3018
3765	5155
4873	4918
4329	5100
2546	2555
187	5003
312	346
1327	1581
1335	1516
3752	3794
2103	2156
2656	2767
4364	4371
2366	4860
4118	4240
1461	2096
3891	3910
4489	4563
868	4964
3344	3584
2855	5004
2426	2460
965	1026
4763	4769
3809	3895
3021	3175
1401	1853
4452	4455
3813	3844
1179	1341
304	308
3005	5133
3759	5045
4101	4245
1121	1957
1087	4942
3463	3464
829	838
4108	4185
3446	3738
1615	1955
3980	4021
423	1785
1166	1778
3799	3940
738	739
1636	1704
3594	5014
82	2563
137	147
47	48
89	91
2772	4963
4354	4397
63	5070
439	474
3401	3610
464	468
2699	2700
3662	3744
2226	2405
1456	1458
2033	2034
217	226
1222	1293
3962	3963
679	680
2485	4999
2968	5133
3839	3863
1590	1600
3442	5028
321	322
1362	5165
4025	4027
1969	2127
2273	2335
3343	4877
1500	1878
1661	1828
245	5101
4707	4717
1546	1576
2435	2620
457	466
4880	4903
1220	1913
3191	4990
655	656
3356	3570
133	5166
4659	4701
4868	4926
900	931
2350	2351
3314	3315
4831	4832
4083	5158
4180	5010
3016	3017
3533	3671
1703	4950
2171	4960
4182	4296
2641	2967
2959	4976
3611	5019
1314	5065
3534	3707
4986	5022
673	674
739	5050
4131	4132
1114	1117
1461	1462
4641	4822
4341	4945
4555	4667
2665	2800
4211	4316
35	98
565	4212
2585	2597
328	380
1036	5068
1217	1513
3846	3874
3997	3998
2386	5069
1262	1264
2657	5086
1027	1028
3200	5036
4127	4129
1650	5027
829	4949
1134	1243
833	4964
3076	3089
4478	4833
941	1052
1220	1408
761	5067
502	574
1073	1281
1206	1291
3997	4017
648	649
1287	1301
838	5023
2648	3259
1027	1044
1459	4997
1552	1780
3523	3572
3928	5035
1252	1390
82	83
732	733
883	932
1073	1555
4520	4521
1220	1768
4738	4740
1334	2017
656	690
4089	4090
4580	4599
1419	1829
3415	3552
3473	5028
25	5166
4976	5016
2233	5061
1328	1434
60	61
350	4972
3814	3839
4011	4048
1862	2099
3036	5094
2845	5105
2800	2947
4196	4255
3505	3733
2710	5005
4514	4599
409	452
3800	5110
4191	4194
2509	5147
2503	2553
1083	1225
2555	2872
3083	3102
1078	1225
1555	1671
4453	4455
3354	3656
3812	5071
4024	5151
850	908
2654	3041
360	362
4833	4842
1136	1535
3767	3802
4902	4903
3598	3694
4960	5077
1546	2041
1011	5153
1166	2016
1707	2008
3308	3421
2536	2537
3038	5039
4724	4967
2304	2349
4465	4949
106	185
2463	2464
4212	5048
581	721
5029	5045
1190	1235
4722	4740
1959	2039
1267	1268
5066	5126
4183	4227
3569	3732
3294	3594
4582	4660
4755	5122
1640	1912
801	1231
1254	1305
1888	2146
3515	3702
1420	1455
3847	3848
1851	2119
2974	3053
288	352
2435	2472
4500	4675
4970	5100
389	5134
1385	1896
151	182
3013	5015
1310	1815
2599	2600
558	564
1187	2076
1994	1996
540	544
2650	3274
4123	4125
5111	5113
4708	4714
4247	4249
770	773
4837	4898
1590	5159
3270	4962
3777	5045
1420	1536
2337	2368
96	4961
4682	4826
4720	4733
1103	1339
2952	4973
1083	1511
628	629
2765	3018
4586	4588
408	409
1290	1354
2474	2646
2835	5097
4955	5147
1601	2099
2868	2977
3522	3558
8	9
2492	2760
424	5134
1691	5168
3542	3605
1676	1707
2259	2263
1659	1772
3827	5071
4528	4529
1154	1731
2226	2315
246	248
4686	4772
2648	3260
2781	4963
2313	4989
4366	4945
541	570
392	424
1343	1428
1461	2082
2181	4997
3671	3703
3961	3963
1654	2040
2440	2450
2105	2110
3538	3539
3780	3872
4563	4680
1116	1544
805	1403
1268	5065
2521	4962
3362	4679
3959	4000
1362	5027
1159	1685
479	493
4887	4888
89	173
2465	2713
4538	4568
1700	4992
3691	3692
65	69
2676	5059
3821	3897
4486	4602
127	130
995	1000
1243	1996
4070	4106
3492	3728
4833	4890
2421	5143
4363	4364
114	3771
2209	2391
1214	1347
1657	5083
3496	3502
3958	3980
4031	4042
4215	4265
4305	5024
2232	2318
234	235
1904	1991
1740	1786
392	410
2356	4635
1074	1314
4027	4034
242	352
563	564
4646	4669
1872	1874
3158	4962
3672	5014
3443	3445
275	326
291	4969
1228	1232
3075	3086
4488	4589
3444	3741
3961	4024
2234	2362
4529	4546
1352	2018
2493	2644
4030	4033
54	232
1645	1910
4470	4527
3989	4049
233	5017
2392	5021
1426	2017
3166	4963
1006	1027
4182	4298
3914	5045
879	4958
3316	3657
630	631
4156	4259
1175	1519
2883	5020
3210	3270
3317	3484
4126	4129
295	301
1548	1734
4003	4021
2319	5037
3299	5028
3388	4879
3817	3818
3050	4954
1118	1462
3438	3666
339	340
4094	4286
593	631
610	611
3001	5052
2470	2724
1187	1950
2219	2348
1572	1729
2436	2491
3854	3857
4495	4597
2956	4968
4269	5123
3937	5161
3577	3579
2112	2164
4783	4828
2486	4976
3837	4985
1020	1032
1364	1920
942	943
526	531
1574	2054
3867	5008
1169	4942
310	359
4847	4849
62	210
1579	1646
1185	5133
3411	3713
3585	3586
178	181
342	5107
1997	2050
407	5041
4976	5097
2460	5147
4049	4050
1351	1365
1588	1589
2497	3018
263	345
1753	2158
1934	1936
1770	2033
2526	5118
253	4951
4549	4639
710	5164
4204	5048
1404	1486
4912	4922
4489	4530
2336	2350
3359	3727
1187	2051
4608	4609
3146	3181
30	131
1159	5103
3512	3514
586	615
4704	4794
1035	1036
4816	5119
1105	1461
1066	4942
4860	4861
387	2308
2996	4971
3094	4990
3005	3126
4426	4987
864	5135
1639	1931
1500	1501
3175	3195
260	5007
1441	1812
781	785
2270	5078
2420	5069
3443	3615
2503	3228
4538	4687
1937	1938
2746	3013
4839	4891
409	438
1735	1803
5062	5151
1738	1739
4247	5096
4678	4685
3308	3653
2375	2376
3310	3466
2295	5069
2595	5006
1006	1008
139	4883
1555	1891
387	388
3322	5014
3827	3919
3860	3869
781	782
3780	3782
436	1298
2646	2649
1119	1120
2742	2743
4387	5073
3348	3662
3888	3891
1034	4903
1095	5117
4210	4309
1962	2030
2320	5054
2858	3081
2523	3046
1733	2131
3669	3746
4266	5056
3950	3951
1093	4942
2446	4968
1731	1914
2642	3209
2224	5054
497	500
819	820
844	4458
1313	5077
4474	4618
2449	2598
2582	5085
3453	3498
3463	3466
1636	1668
1487	5027
256	300
3200	5087
4874	4892
1558	1713
1816	2032
4517	4555
1650	1753
772	773
2659	2668
2327	5145
3780	3856
980	981
598	602
2192	5077
1624	2015
4609	4691
2364	2365
3962	4046
222	226
2178	2179
2188	5080
4023	5151
2157	4974
3933	5155
2926	5141
1963	2030
523	571
2686	5063
278	343
4152	4153
2207	5069
2871	4971
3644	5088
451	5134
2104	2146
3959	4017
4909	4920
740	5064
1550	1783
2415	4696
1128	1864
1145	1223
2208	2214
2221	2230
2304	2409
2740	5039
2264	2358
4432	4434
3077	4954
2550	2856
4481	4482
1411	1499
3290	3292
4100	4111
4981	5038
2524	2612
553	556
1243	1292
3067	5085
545	546
1502	5092
902	5023
1986	2162
397	400
2657	2670
2729	5012
2033	2042
2086	2144
3364	3476
1872	2068
10	206
1839	2100
34	35
544	546
4047	5138
4839	4882
1704	1781
3960	4009
1556	1562
4971	5105
1006	1015
3317	3367
1303	5032
4538	4862
3236	4995
2113	2165
1684	1779
5018	5050
3577	3719
525	529
4107	4994
4206	5011
1641	1767
4491	4649
30	161
1113	1582
3767	3939
1227	1710
3901	5035
13	14
3755	4985
2244	2326
777	787
3524	3624
757	5131
1759	1783
949	1049
1368	1401
3017	4946
1493	1987
3811	3812
1073	1074
4836	4837
951	971
3339	3635
3889	3910
1974	2011
4104	4153
1928	1978
2422	2423
3204	4995
430	447
1994	1995
2523	4954
4839	4905
3917	3918
4376	5098
1099	1194
3576	3590
1097	2110
754	2415
1313	1448
1434	5065
2522	5086
337	339
605	607
4945	5098
1934	2117
1498	5104
543	551
4171	4994
1362	4997
4080	5138
4114	4115
3830	3901
2095	2108
1743	1744
2320	2367
3363	5088
2594	5118
227	231
1900	1959
3781	3782
262	5115
1475	1476
1650	2069
2487	2744
394	397
504	505
744	761
952	1001
2447	3207
2738	5025
3787	3892
2072	4960
4140	4176
224	228
1567	1568
1735	1759
1653	1760
3812	3832
482	492
1703	2004
1979	1980
3680	3682
254	4996
3753	5161
2180	5113
3312	5014
623	737
4531	4688
1368	1389
3358	5001
4521	4802
1473	5000
62	189
1789	1960
2441	4949
2816	5030
3415	3503
982	1016
5023	5051
1107	1137
2055	2120
297	366
3831	3833
783	4935
1146	1492
4943	4982
1335	1439
4183	5048
853	874
2481	2592
2793	4986
4387	4970
1199	1350
2689	3091
1117	1455
4487	4534
289	291
2584	5086
3441	5028
853	854
3347	3710
1644	1700
4490	4510
2940	3170
794	1215
1409	1981
1641	1805
4397	4945
1809	1840
259	300
1813	1852
1716	1962
3859	3860
1252	1421
1321	1528
3993	4014
2620	2967
715	5164
849	887
2132	5081
1686	1879
1773	2053
2968	4963
369	5007
3454	3647
2224	2230
2553	4955
1225	1263
5082	5169
3317	3621
125	233
2555	2873
2685	4982
206	5156
2425	2426
4368	5098
1472	2174
3199	5030
3320	3419
3409	3412
877	895
15	18
2677	2678
4608	4631
1638	1739
3344	3639
1095	1448
78	192
1947	2034
3591	3625
4532	5129
4549	4550
1360	2045
3761	3762
985	986
1166	1854
2658	4971
4513	4614
2411	5122
3855	5110
968	1027
1338	1664
745	747
4873	4874
1	396
4902	4910
1572	1882
2055	2090
3697	3698
3835	3856
4521	4801
744	746
2455	4990
5050	5146
3531	3532
4857	4860
2435	2624
2848	4976
1469	1749
3447	3738
1979	2176
1075	4988
3956	4056
4051	4054
2477	3218
420	422
862	5135
2326	2407
2428	2730
1148	4942
307	5082
1360	1868
4529	4677
3612	3670
2037	5077
3423	3554
120	149
1225	1728
4074	4075
1407	1423
2883	5026
311	312
2685	5042
4210	4311
112	149
619	5144
1603	2152
780	790
2435	2437
1825	1915
2390	5002
791	2418
1025	5112
2209	5037
4379	4416
2721	5151
1148	2065
1404	1541
3344	3640
1715	1740
71	5156
2567	2568
45	48
4439	4966
985	5076
3769	3944
5064	5131
1166	4983
3220	3273
4919	4925
451	469
3346	4889
1003	1006
4718	4729
2885	3147
1284	1378
1609	1999
4328	4388
5031	5101
459	462
605	658
2724	5126
157	190
4659	4661
2252	5057
3798	3801
163	166
1280	1464
186	188
2535	5012
3431	5019
2072	2166
3769	3839
769	773
4443	4444
2336	2372
1340	1342
3406	3659
4907	4909
1634	1849
2916	2966
4960	5117
1188	1470
1364	5165
3191	5020
3788	3790
3299	3539
4055	4056
2923	3052
3413	3469
1757	2088
4484	4502
1318	1407
2267	2273
2444	2522
3002	3144
4965	5022
1099	1714
4168	5048
895	5148
1011	1057
1493	1566
4285	4322
2341	2364
3527	3666
273	373
1354	1380
364	5169
1006	1038
1347	1762
2503	3227
1623	1624
1927	1941
3121	5074
2246	2316
2433	2591
1289	1802
1719	1956
3754	3755
3320	3498
1230	1479
557	564
1605	1774
4020	4021
130	4113
1231	1403
4989	5145
2193	5077
2462	2591
3302	3623
3869	4985
3378	3481
4433	4969
3764	3790
4486	4531
3387	3446
3966	4003
1225	1433
3433	3696
3305	3469
1453	1542
3137	3138
4194	4993
3044	5062
568	569
4167	4189
3088	3103
755	5131
1219	1248
2356	2388
4475	5057
513	4998
2398	2400
2858	5005
2873	2874
3804	4200
845	5148
610	663
395	5033
1154	1406
1196	1453
3028	3049
1151	1284
3882	3883
4978	5137
2992	3197
397	399
850	909
1495	1989
3316	3356
4863	4879
3333	3617
220	225
3210	4962
1448	5077
2629	2983
3943	3944
1613	1614
2	3587
501	502
1691	1862
2187	5080
3645	3646
967	4981
184	185
871	5148
186	5157
1629	1810
998	5109
4837	4850
1	387
4726	4755
1362	1363
1969	1984
115	116
436	5041
3875	5035
1316	1817
4398	5091
4454	4456
4157	4993
2230	5054
1787	2042
2486	2765
1756	2081
2275	2373
1766	2043
4302	5011
2465	2487
3992	4004
796	805
1537	5081
4196	4258
2045	2046
4933	4935
96	130
2485	3092
1149	1453
3721	3738
2535	2824
4061	4066
5024	5158
3974	3985
1843	2123
2215	4898
4185	4186
263	346
951	952
1236	1237
4627	4787
3948	3974
2851	5004
1386	1896
1377	1423
4163	4194
3815	3832
1431	1975
4338	4387
1269	1473
2950	2951
2975	2976
4225	4276
3414	3685
1001	1027
4679	5088
845	866
4516	4586
162	197
3536	3718
4187	5056
1019	1020
1232	1489
4728	4776
396	5021
1118	1190
2910	2911
598	603
496	5160
764	816
2968	4995
397	5114
421	5114
1443	1444
4496	4554
4642	5119
1873	2130
537	538
734	735
768	772
2102	2123
3988	5013
3469	3480
2648	3261
1095	1178
2249	4536
2376	5114
4620	4638
1463	1464
1335	1370
2133	2146
4387	4416
650	651
4535	4536
3152	4973
3764	3766
1683	1835
1435	1931
4719	4738
1557	5077
4616	4644
2011	4983
4540	4810
2673	5087
2701	2710
2836	5097
1601	1602
4331	4402
185	201
1120	1430
2578	4946
3583	5028
946	1059
4786	4787
1555	2143
4094	4103
2502	2503
4225	4275
581	5018
606	659
1654	1743
3354	3487
2568	2594
3540	3655
4129	5056
92	5166
4048	5079
267	268
4474	4606
1439	4942
2843	2941
4052	4054
1619	1903
3058	5043
720	721
2015	2128
690	5144
519	521
533	557
5083	5165
590	592
4889	4901
3775	3798
1117	1454
4287	4994
286	1179
1411	1420
3772	4985
2658	5072
3902	3926
312	345
4713	4729
962	1056
4568	4668
3756	3779
4264	4265
1430	4942
430	5127
4089	4300
3840	3924
3331	3332
837	4958
2277	2390
3824	3914
4875	4886
1699	1777
3281	5059
4521	4700
2260	2263
3538	3747
4138	4260
4848	4879
423	1425
2729	3063
4525	4660
4060	4061
4475	5088
2644	2645
547	559
1349	1427
3565	3656
3567	3720
3695	3696
2496	2764
4837	4885
1117	1553
4712	4736
1677	1907
4097	4107
2573	2899
3751	5155
207	5156
4984	5027
4842	4845
771	786
2558	5006
4756	4813
2632	2635
2338	2358
1623	1693
4384	5091
625	5144
580	665
1242	1356
1832	2156
2468	5151
1334	1335
2609	2625
2608	2612
4225	4272
5059	5075
81	185
1570	4950
1066	1120
1006	5068
3866	3867
4306	4308
879	931
2843	5106
1673	1817
2715	4943
3651	3652
4970	5084
2487	5058
4182	4297
1410	1471
735	737
781	5131
2261	2263
683	5146
1211	1537
264	322
2608	2734
4120	4121
420	457
2867	5044
4611	4637
1699	1983
120	5090
3976	3995
4115	4150
4524	4546
4330	4332
3288	4963
3795	3796
3883	3918
1608	1675
3106	5025
1448	2196
2964	4968
2088	5168
3395	3710
1315	1913
3384	3563
1615	1655
676	703
3469	3592
1934	1935
3481	3482
988	990
1991	2027
4204	4257
2437	5086
1225	1800
4517	4518
4683	4684
293	363
598	621
2901	5154
1348	1843
4841	4842
3790	5035
3911	3918
1978	2052
1210	1680
2460	5118
1143	1875
1661	1893
239	4424
1651	2016
4093	4190
1219	1386
3751	3794
1083	1751
4029	4030
1063	1445
1492	5047
507	540
2928	3164
949	5142
3350	3664
3515	3701
1147	1149
2427	2656
1492	1622
1083	1729
2286	2332
357	4987
1310	1317
4061	4072
1280	5113
4167	5011
2609	3061
1225	2195
3640	3657
1682	1876
1722	1931
3909	3926
4361	5100
15	30
921	4964
5060	5122
2450	3190
2588	4946
2619	5058
103	5003
2664	2669
773	824
484	485
898	4964
1395	1516
740	764
2604	2944
2770	2771
1300	5089
1428	1450
4199	4200
1462	2125
1529	1696
4514	4582
1669	1891
4492	4581
4929	4930
3512	3564
1660	1827
318	319
3968	3970
923	927
2509	2614
1285	1685
3365	4571
514	4998
652	654
2985	2991
646	705
3960	4012
4423	4425
979	1006
1573	1686
2974	5118
4579	4723
2722	2724
1469	1955
2200	2205
3846	5035
3318	3725
2344	2345
1431	1432
3830	5035
4220	5097
49	102
2442	2444
3915	5008
4558	4562
10	11
202	5090
248	331
2	3554
954	984
2364	2366
3	3584
2754	3089
1300	1806
3457	3458
964	992
2601	5154
1711	1831
2652	3115
4570	4638
4709	4729
2750	3085
2555	2597
2681	2985
4945	5100
169	230
765	821
1374	5000
4268	5011
4352	4980
4709	4753
4370	5084
217	229
4501	4502
3582	3655
4419	4945
4	4931
3870	3871
2579	5086
1282	1314
4628	5122
2885	3148
1478	1479
2303	2355
4982	5125
3332	3698
2479	4978
900	4964
3371	3524
3405	3683
46	48
2444	2617
4471	4677
21	200
3092	3103
950	963
3469	3593
781	5067
4768	4770
576	660
3155	5085
952	979
2390	5037
4330	5100
472	473
1468	2139
3952	3981
3924	3925
507	547
873	5051
2440	2597
1292	1995
2923	4971
4678	4679
4892	4894
227	230
81	200
2527	5055
2979	3193
2281	5114
2661	3202
5081	5113
4834	4897
2898	3024
3070	3071
3296	3315
3982	5079
3518	3521
2738	2739
2822	2823
428	5013
138	224
1620	1883
311	5007
2800	2948
990	998
1004	1046
2399	5069
3957	3958
3047	3048
3809	3876
1064	1626
2686	2687
4408	5100
4937	4939
1555	1958
1574	1575
3632	5128
3792	5045
1653	1880
5013	5127
2258	5114
1392	1414
3970	3972
2317	2318
1098	1344
300	5101
2427	5097
3424	3426
779	5067
916	919
1251	1502
253	323
1822	1924
4495	4703
2565	2893
1440	1527
2628	4955
634	635
4042	5171
505	565
1194	1529
3189	3284
74	92
1297	1630
1592	1623
1006	5109
2897	2898
699	700
2646	3240
2740	2742
1487	4984
960	5109
1076	1218
1168	1542
2227	2229
4389	4980
1259	1489
1308	1813
3386	4851
4815	5119
3591	5128
4535	4619
4990	5020
100	4460
4945	4957
885	5046
2467	5151
4021	5009
3411	3412
2005	2076
3383	3741
1581	1988
2570	2896
3336	5014
1907	1942
2435	2669
2722	4971
3040	3106
3446	3449
2502	2644
3360	3726
3960	3980
2	3638
4671	4690
157	5070
934	1015
1107	1108
1543	1939
4656	5014
180	207
302	5152
1524	1980
645	688
97	145
1530	1560
4328	5108
1064	1332
93	5003
589	598
3069	5012
112	193
3375	5019
273	275
3511	3513
3977	3980
791	2305
527	533
277	352
3125	5004
4521	4803
533	534
686	5018
4154	4254
2608	5125
548	5132
960	5068
2645	3237
1020	5112
4007	4008
1370	1553
1756	1757
1733	2118
387	446
3498	3502
4762	4778
1257	1327
1462	2126
1213	1771
3385	3592
1133	1136
608	611
624	625
1334	1632
3440	3591
1324	2098
2396	5069
2190	4979
1033	1053
3295	3389
3588	5028
3768	3839
1107	1324
4053	4071
288	4972
3353	4583
1479	2087
1053	1059
4402	4409
2961	5058
2430	2546
4062	4063
3494	3500
292	293
4877	5001
11	51
644	645
1184	1468
2863	5126
1158	1327
1730	1998
4830	4875
1158	1750
4335	4970
4587	4590
240	334
657	659
668	5144
3982	5009
2928	4986
15	148
3464	3465
904	4964
1186	1443
1118	1437
3294	3489
44	4961
1087	1089
4505	4523
2537	2630
1471	2113
3071	3090
4474	4475
2213	5114
2503	2504
1281	1524
643	659
615	620
3912	5035
4718	4721
4834	4899
2062	2108
3807	3839
4668	4780
327	4429
20	131
2435	2702
1292	1804
413	474
3332	3436
3467	5028
3324	3346
4099	4283
1234	1235
3015	4946
2075	2102
4589	4789
1894	2031
4539	4808
3047	3136
577	641
3344	3660
3435	3530
2988	5074
1423	1424
3541	3725
300	4996
4573	5057
2830	2835
5036	5087
2462	5086
2739	4999
3397	3657
869	4964
577	583
328	329
1085	1225
2119	2152
1124	1314
2540	5004
3794	5008
3973	4006
4116	5048
37	39
696	5050
3315	3436
2374	5037
2057	5080
2464	2655
4149	4326
1720	1850
2553	3293
2818	2819
3457	3459
3289	3291
264	4416
3543	3563
954	1031
1220	1418
3424	3427
3856	3913
5068	5142
4141	4144
4609	4656
4793	4794
1238	1811
844	862
1422	1423
4887	4889
1389	1400
1440	1441
4016	4034
1196	4988
4900	4926
1129	1402
3556	3606
3472	3599
4002	4031
2931	5133
102	5003
3456	3622
721	728
2337	2339
3772	3848
3338	3350
2436	2639
4190	4215
1512	1892
3062	4965
775	782
4610	4687
307	4996
2029	2061
1265	1800
3592	3616
4862	4868
1287	1801
3772	3826
2455	5086
1087	1098
4152	4213
1966	1967
1830	2035
3060	4944
2804	2983
3428	3609
320	4951
2217	2388
4734	4746
1627	4950
2623	5130
3596	3728
4078	4079
1843	2071
2370	5002
777	4929
3303	3632
2472	2967
60	5017
1443	1538
1369	1976
2495	5154
4364	4370
1149	1341
3838	5035
4475	4868
3504	3551
3973	3993
270	347
2795	3109
4220	5010
3340	3644
4193	4194
1016	1017
4179	4180
3427	3601
3013	4995
2930	4986
1583	1765
3316	3611
3498	3627
972	1038
1334	1678
2090	2130
53	120
2570	2667
2608	2609
4735	4739
242	5169
1556	1842
3132	4982
3301	3447
1372	1446
1884	1955
1127	1129
1084	1504
3539	3742
1349	1450
3601	3739
545	567
3813	3814
4092	4093
415	426
4478	5088
519	3983
1534	5081
3780	3852
838	854
2119	5000
1803	2002
366	5169
3180	5012
3980	3981
291	337
1151	1276
3002	5034
4176	4281
430	471
949	951
130	5156
1565	1570
4617	4792
2431	5137
322	4342
712	713
577	626
4015	5079
807	808
814	1229
4384	4980
67	70
3468	3503
3035	5066
1409	1799
1952	2013
4831	4846
1200	1201
1268	1314
1301	1302
262	4972
1735	2052
2629	2991
2906	5085
3318	3393
355	4987
2649	2650
3508	3511
320	321
922	5046
1163	1642
2570	2594
3322	3472
1750	1886
3759	3884
2517	2518
4519	4692
759	825
2357	2403
1097	1098
4799	4823
1465	5111
1518	1519
2805	5154
108	179
659	739
3037	5137
4662	5088
583	613
1101	2177
2954	4968
2546	2861
4841	4868
3307	3468
858	5051
4686	4687
3462	3463
337	4996
664	665
2438	2440
489	1184
2630	5030
1496	1920
3457	3664
332	5107
1256	1763
3455	4846
583	584
1343	1344
2352	2365
4404	4957
70	1053
844	864
2500	5004
2558	5147
355	4427
2687	2779
170	228
3498	3501
4080	5079
4873	4891
1105	1557
1456	1457
2608	5058
3308	3628
3573	3658
2440	2992
1787	1908
4466	4949
1220	5121
1870	2107
5069	5078
4584	4624
853	866
2650	3275
4445	4949
745	1231
1449	1462
4682	4772
2424	4564
527	528
1610	2066
1156	5092
3317	3558
3434	3658
1682	2038
4104	4105
4934	4940
439	440
1103	1423
1170	1404
2904	2977
3811	3822
1086	1088
2644	3213
953	1025
830	835
859	4975
2210	4744
1986	2079
1855	1890
316	357
2921	5105
1401	1402
3469	3615
1705	1977
99	101
4896	4926
2809	2843
2863	2864
570	4949
2682	5063
454	464
4115	4321
4158	4229
1733	2114
1521	1522
4835	4917
262	268
479	499
707	710
4761	4762
4852	4893
3369	3370
551	4998
4984	4988
5005	5025
4341	4957
835	5135
428	1126
2891	5087
2306	2311
3823	3882
4645	5057
2305	2355
3825	3843
425	445
874	931
1503	4977
1425	1925
849	889
3348	3350
4102	4228
1437	4979
1085	1099
405	5033
1382	1398
1507	4988
4120	4286
3124	4944
4654	4655
3211	5095
41	203
1507	1515
2638	5118
1233	1247
156	5070
1031	1034
2578	3249
3853	3854
4971	5162
2710	5118
2980	3055
850	910
3828	3857
2241	2326
3306	3469
3762	5155
4713	4728
1105	2122
3832	3850
1911	1979
3487	3561
2837	5097
2649	3262
1548	1745
2120	5000
2234	2306
2269	2417
3665	3727
99	126
2747	3082
4402	5073
3401	3402
4443	4969
598	599
605	606
3496	3501
1372	1540
2585	2609
2428	2731
2525	5086
3839	3907
982	983
1647	1865
3512	3739
442	443
1172	4984
1086	1352
682	703
722	723
1337	1338
4016	4026
178	180
1243	1727
533	5132
3317	3537
3356	3717
409	457
4957	5091
4395	4397
502	571
1223	1255
4124	4125
4302	4304
1378	1383
2201	2202
4658	4688
3991	3992
1239	5032
4380	4381
2239	2397
2237	2239
4696	4928
10	209
1725	1796
1149	1168
3002	3003
3759	3760
3564	3565
1872	1873
1970	1971
3875	5049
1317	1468
4201	5096
2460	2594
3182	4986
4130	4324
1172	1404
4482	4656
3608	3710
4501	4766
348	353
1588	1868
2637	4965
4995	5133
170	188
1315	1316
3033	3103
588	670
3782	3871
2940	3224
1019	5112
2609	2961
4107	4145
4928	4929
1104	1144
1030	1031
4584	4623
1354	1355
254	4363
654	5146
1437	1463
1894	4977
2134	2155
1681	1735
160	5070
2315	5054
2979	3192
383	4972
4490	4611
4270	4941
171	172
524	525
3304	3469
5073	5084
3242	5066
3344	3649
5004	5075
1276	1308
1310	2186
476	4114
561	562
4472	4476
4931	4938
4722	4756
1084	1296
2646	2648
4472	4591
4706	4715
50	4949
943	947
1326	1823
1024	5112
2470	2640
1548	1596
2563	4130
2985	2986
3815	3909
1236	1724
3605	3612
1934	1945
4113	5123
5082	5152
750	753
3554	5124
3895	5008
23	4446
1718	2137
1432	1434
89	5090
4982	5044
766	767
850	856
4100	5158
3893	3939
4553	4720
410	432
3230	5055
3477	3711
1772	1900
1378	1407
618	619
877	4964
477	478
4941	5158
4152	4210
2810	4971
2219	2347
1341	1541
4302	4303
1068	1419
3356	3433
450	466
4952	4997
4731	4752
4390	4957
4519	4779
256	286
3834	3920
441	442
4167	4215
2578	3015
4071	4106
1404	1542
830	4949
43	99
1349	1350
1670	1755
3872	3916
1527	1927
2381	5143
2502	2646
118	5156
125	5070
1362	1445
2343	2364
3835	5071
4415	5108
1663	2068
4947	5039
3796	5161
4899	4900
2914	5105
4544	5088
610	658
1071	1270
942	1015
130	236
3419	3677
4464	4949
4162	4252
943	960
4409	5084
839	840
444	465
1099	1100
1562	1820
1683	1930
4328	4376
3037	4978
4168	4169
14	84
1256	1571
794	795
1260	5092
2802	2996
3223	4973
4968	5063
703	735
2324	5054
2546	2863
831	4445
913	919
2633	3205
4068	4069
2729	3208
3218	3219
102	211
2083	5080
3604	3606
588	680
1110	1496
1134	1610
3510	3512
710	711
2630	2988
4470	4797
635	5144
2525	5042
524	533
2598	5085
3181	5066
4709	4747
771	772
4064	5171
1111	1112
2210	2413
1024	5076
1269	1270
2238	2239
68	71
2944	2981
2486	5154
3356	3438
4600	4821
2929	4986
183	185
1202	1310
414	415
3321	3361
70	71
1755	1834
1607	1646
3498	3526
2507	2778
4368	5084
3044	5151
3351	3689
2537	2702
3322	3699
4507	4661
517	521
266	5107
1770	1834
3545	3557
818	819
2256	2293
2748	3083
4103	4307
2013	4959
2391	2396
1207	1867
3153	5025
2470	2597
1317	5159
3310	3646
4947	5030
1358	2140
875	902
3469	3614
2374	2398
2600	5147
2354	5143
3468	3621
3355	3356
973	4981
3787	3897
4656	4657
1268	5006
3816	3822
1131	1831
4138	4239
4120	4949
606	667
2555	2871
4159	4231
4699	4700
4888	4890
1201	1893
2216	2412
1207	2038
3047	3074
1696	1968
4661	4689
2299	2370
1053	5076
2621	2790
4957	4970
905	4964
1168	4942
1290	1935
4445	4463
3413	3627
2072	2167
4841	4843
465	5134
2269	5069
954	1012
244	343
977	1035
1877	2142
1909	2063
211	214
1647	4942
2255	2380
515	4949
529	531
2846	5043
2275	2276
5036	5151
1643	1805
2172	2193
2573	2594
3321	3543
795	805
2837	5012
961	4981
139	140
4277	4280
3537	3704
4878	4886
4692	4782
729	5164
1510	1511
2851	5059
3322	3329
3366	5028
1598	1599
3757	5029
3830	3838
3960	3998
2561	4968
3150	4944
4196	5048
3072	3087
2595	2910
3361	3362
3356	3715
2427	2486
4182	4299
3073	3082
4288	4994
450	468
2491	2499
493	494
2435	2699
2460	2600
663	692
4523	4621
2578	2642
3302	3709
4128	4129
2634	3188
412	1217
3608	3737
4251	4266
705	5164
2695	3023
2597	2928
3225	4946
284	5169
175	190
944	5170
1074	1193
510	546
2729	5094
2147	2148
2424	4492
3331	3581
3573	3590
4788	4795
748	781
3958	3966
3359	3396
3338	4866
4575	4595
2190	5111
1248	1385
2346	2347
2744	2745
37	5070
1508	5065
2181	2182
2288	2388
1555	1741
3116	5086
1216	1217
1545	1833
3674	5014
2793	5022
1073	1192
4852	4856
1135	4988
3308	3470
3452	3616
2507	2803
876	882
673	5164
1025	5076
2381	5145
4571	4622
781	784
1207	1706
4547	4701
1345	4997
2690	3092
843	4180
4535	4542
1124	5006
2452	5151
88	89
2263	4989
125	195
2859	5126
3700	5124
4709	4730
4042	4067
595	706
508	540
4755	5060
2491	3018
1952	4959
1101	5111
4971	5043
2705	3104
756	5064
4225	4273
83	99
1082	1561
66	69
1257	1764
3835	3851
2563	4446
838	873
2846	4971
3495	3502
2850	5004
2478	3219
1356	1563
2092	2191
5007	5082
1863	2040
1466	5111
297	5152
6	121
933	4964
4716	4728
1011	5076
4851	4909
876	877
4409	5073
1689	5083
480	481
2609	2652
4349	4418
2781	5034
3312	3456
3823	3824
1665	2164
524	526
3338	3430
1192	1408
911	4964
3494	3497
1354	1860
4166	4290
1291	1410
968	5109
3983	4036
4135	4136
523	4949
3586	3727
4189	5048
5030	5154
37	48
3370	4876
4134	4212
3159	5151
4407	4945
2111	2114
2289	2317
773	825
1591	1855
4418	5100
315	327
4138	4139
2032	2176
4101	4261
4102	4941
41	98
2731	2733
1792	4991
3543	3718
3279	5075
1115	1933
262	263
3495	3500
1219	5083
3007	3008
1755	1791
498	5160
4130	4325
1321	1441
3021	5016
2240	2286
2579	2903
2496	2763
2533	5058
533	574
2377	5061
2067	2187
4300	4320
251	5082
1966	2020
4292	4295
3359	3728
444	469
4332	4408
58	2563
2648	3258
2131	2154
396	2214
4705	4747
4023	4035
4879	4921
4971	5163
1191	1846
2387	2409
1210	1468
4492	4670
2106	2108
1005	5170
286	307
2178	4950
764	778
3597	3598
1644	2068
783	5131
1383	1384
3468	3469
4145	4147
3808	3845
2598	5162
3892	5049
2861	2862
3345	3648
35	5116
2416	5143
4485	4689
4557	4671
494	5166
879	5051
822	5131
1156	1972
2617	5055
1677	1678
3427	3734
3920	5035
1062	1445
1205	1254
1189	1190
3005	5034
1528	2194
2242	4508
3186	5099
1168	5065
4350	4970
1107	1811
1144	1623
5012	5097
1590	4959
3515	3552
81	990
723	724
4998	5132
1275	4950
4391	4957
1320	1459
2447	2503
2453	2695
1372	1539
914	918
3799	3941
3034	3035
3265	4963
47	185
2940	5167
1493	1711
1617	1835
239	253
1612	5047
3906	5008
145	193
1728	1779
2337	2375
4973	5094
1551	1932
2645	3238
3525	3526
4344	4945
395	443
2265	5114
114	5120
479	480
1229	1232
3469	3527
1099	1678
3327	5001
826	845
4526	4687
1256	1799
4974	4988
518	521
2350	2407
3876	3893
1379	1380
3487	3734
1106	1146
2183	2198
2471	2472
52	121
1354	4942
4450	4463
244	4987
3391	3691
70	2345
1089	4942
1339	1832
4341	4970
1105	2062
4066	4067
1327	1329
5030	5039
2975	5118
2971	3133
343	344
3499	3628
1360	1720
1420	1924
4428	4444
1802	1997
550	5132
662	663
949	950
4509	4576
4728	4737
128	130
3420	3628
4751	4752
1662	1851
4829	4867
3272	5022
1793	4991
4364	5084
755	784
1592	1931
1944	2031
1072	1554
4740	5122
1748	2009
542	570
3499	5028
827	4463
37	40
950	952
1103	1227
2870	3137
3531	3704
615	677
858	894
4034	4035
2080	2096
3810	5045
6	14
4942	4988
189	206
1148	1208
3297	3507
4394	4945
3816	3850
1042	1043
1743	2163
2244	2336
3474	3545
3764	3767
3349	4884
3488	3680
29	99
2533	2558
3220	4955
2385	5069
2546	2593
3416	3469
1302	4997
4893	4894
4451	4463
1106	1180
2759	3100
4118	4993
3263	5066
1127	1128
4143	4144
4210	4313
1511	1981
3969	3970
4979	5113
1762	4977
3782	3799
2161	2163
4479	4480
4478	4575
28	167
3316	3626
882	5046
1529	2127
97	149
1900	1961
1310	4984
2443	2444
2280	2362
2397	4850
4556	4593
1390	1633
2798	4973
749	5064
1332	1635
3780	3817
830	837
3827	3909
4842	4888
1758	1848
1101	2180
2460	2592
2503	3017
4851	4910
2242	2243
2305	5114
2059	2107
2444	2628
4090	5048
56	108
972	1027
2669	4982
4063	5171
1348	1462
4381	4980
5015	5118
1670	1671
2648	2650
3754	3775
1231	1232
4135	4159
2474	2478
2073	2074
2357	2377
3309	3655
343	4987
1086	1087
1390	1479
3945	5161
4225	4274
1204	1365
2822	5012
3972	4073
3770	5050
4402	5084
407	5033
3412	3520
2235	2361
80	81
1923	2152
999	1035
1115	1838
1672	1790
697	698
2564	2621
1605	1649
2453	5004
4328	5098
540	543
4103	4152
793	794
1225	1595
1455	1458
1712	1897
1113	1580
3949	4013
1930	5165
1133	4992
3778	3798
44	164
4781	4825
2499	2770
146	197
1473	2129
3439	3528
2873	4971
4532	4612
1726	2081
3729	3730
10	62
3346	4948
4974	5103
2974	5036
3526	3638
576	661
2083	2084
1219	1451
1334	1347
3975	4079
4158	4230
920	4964
3423	3529
1230	1255
4540	4764
1379	2022
4247	4248
1110	1472
4517	4615
2566	2895
3798	5110
4499	4500
944	1006
1473	1498
4944	5163
2508	2509
2901	5030
2656	3179
4592	4666
1576	1686
4013	4029
570	571
1708	2020
3690	5014
3490	3738
4690	4691
833	4949
3762	4985
2648	3257
2299	4989
4725	4736
1327	1425
3297	3434
3335	3630
2793	5072
3348	3679
4791	4792
2056	2108
89	196
1176	1202
3308	3541
196	205
2232	2348
4840	4904
2018	2019
1886	5136
2729	3266
3986	3987
1880	1994
218	219
625	656
4641	5119
2186	2199
4150	4327
2243	2311
2648	3256
3722	5128
4622	4634
2440	2640
595	596
2513	3230
286	5169
611	723
4200	5024
4494	4798
1652	1796
707	708
104	146
61	5070
3831	5035
3507	3617
2546	2638
1631	4983
2753	3088
1693	1870
4099	4282
484	3770
4879	4882
3912	3919
445	5134
4144	5024
419	422
4513	4608
2666	2800
957	1016
4198	4200
3851	3852
4527	4805
344	5101
2085	2086
2200	2201
4030	5079
1601	1923
2623	2703
3712	3713
2018	4983
1440	1885
3519	3667
3775	5071
4848	4849
4871	4881
4904	4906
1253	1350
976	1011
99	136
3518	3585
3879	5008
4397	4957
635	5018
4525	4580
4053	4070
2768	2769
3778	5045
1326	1882
69	70
334	4987
2813	4956
2231	2264
1107	1181
1443	1988
1064	1066
4840	4905
4366	5098
4851	4923
475	482
2299	2344
4605	4606
1547	1889
1081	1560
313	5082
4095	4153
975	1025
2067	2188
4138	4158
4835	4848
200	202
3002	4963
269	270
374	5101
1521	1589
1235	1462
3360	3467
4695	4696
3485	5014
2612	3289
3073	3167
136	237
4120	4164
3045	3138
2434	2662
3560	3580
2403	5061
1431	1433
3828	3829
658	659
139	206
876	894
922	927
4516	4670
2454	2455
1838	2050
1327	1822
1628	1665
2495	4947
2535	2565
4213	4306
1	452
3794	3795
4981	5076
3060	5163
163	164
4507	4547
3369	3371
1318	1820
1614	1848
414	465
1006	1009
2871	2877
2331	5061
4158	4224
412	5041
3320	3574
4285	4323
1391	1392
3824	3913
4279	4280
1481	1536
2338	2405
3841	3844
2375	2379
3487	5102
759	813
2816	5154
4711	4715
940	985
51	140
1331	5089
1686	1787
1777	1870
4830	4867
2636	2639
3698	5014
49	76
2008	5040
2212	2213
1097	1286
2590	5055
201	5090
587	588
2488	5118
625	709
3402	3687
3070	3168
1847	1884
14	16
290	4951
3804	3939
4841	4844
5016	5039
1597	1961
1507	1508
3359	3726
1710	1798
4221	5123
4101	4242
4342	5084
1624	2116
4410	4945
1983	1987
3951	3976
3499	3516
330	331
678	721
1088	1625
2294	2349
778	2418
3325	3565
508	547
2363	2364
2413	5057
629	659
3546	3618
2077	5081
1193	1331
820	821
4681	4967
1020	5076
3161	3175
1202	4984
1629	1664
554	556
164	192
2249	2251
3599	5014
1343	1861
2827	5154
4539	4806
125	174
1310	2139
272	275
1573	1741
1824	1965
4483	4591
1886	1925
3650	3670
4873	4906
5011	5048
1464	5080
2795	5085
4634	4665
1479	2051
1366	1501
971	972
2681	5097
3132	5044
1537	2177
55	148
1017	1018
610	612
3153	5034
293	326
2040	2041
32	63
772	774
3753	3937
1243	1726
1700	1777
2298	2299
2243	2356
3818	3891
853	5051
1301	5104
2206	2212
839	854
856	861
1297	1298
3631	3632
4061	4064
4204	4237
1705	1725
2446	2686
2738	4999
3302	3447
2569	2896
5098	5108
482	5123
1064	1810
3646	5128
4006	4029
588	704
4192	4194
1545	1548
4168	4170
622	623
3421	3533
1073	1315
639	5018
2615	5118
1005	4981
595	629
613	641
3958	4032
2646	3241
942	995
1777	1963
2772	2773
2248	2257
4539	4772
4556	4580
3243	4955
4576	4821
3348	3403
2071	2102
4041	4050
534	571
1131	1943
645	649
4163	5011
1379	2105
4493	4583
1195	1196
2257	2304
1909	5111
3372	5102
4111	4157
358	378
4111	4139
4292	4293
809	810
2074	2102
2288	2335
2658	3078
2993	5026
1324	1339
3075	3084
2547	4976
3848	3860
749	776
1076	1906
3999	4051
4504	4562
2169	2191
2435	2625
397	398
3361	3731
4671	4828
4719	4732
3587	5028
2436	4962
2802	4971
3839	3841
2137	2157
1946	2090
3318	5014
1659	1787
1283	1702
4142	4144
2816	3107
545	562
1445	1446
2719	5154
1084	5077
1082	1943
2174	5081
3787	3887
4674	4824
2058	2060
3232	5137
3322	3633
2211	2213
3297	3569
3268	5015
4084	5158
4030	5009
1520	1522
2563	4949
4968	5086
4897	4927
2002	2115
3485	5102
4541	4790
3833	3834
4406	4945
315	316
2783	4968
2157	5103
3071	3074
275	363
1363	1372
116	206
1459	1953
2326	2359
856	857
1100	1335
1414	2194
1335	1397
1393	1427
4467	4949
548	556
3880	4985
1376	1377
1102	2140
1784	1901
4837	4838
4421	4969
1760	1783
3804	5161
2055	2152
4957	5100
3468	3528
2651	3289
4167	4182
1566	1746
799	800
4640	4690
3351	3701
84	219
1158	1737
418	5134
4708	4717
4940	4941
1744	4991
1161	2093
1195	1679
1289	1290
5059	5141
2555	5162
1213	1214
3577	3578
499	5160
1246	1679
1067	2070
3553	3693
4361	4410
2625	2981
2224	5061
432	434
4567	4568
1303	1399
1163	1164
1940	1941
185	998
1031	4895
1552	1994
480	482
2989	2991
1032	1033
2623	2639
4553	5057
1031	1040
2611	2641
3888	3889
744	5067
2758	5036
4854	4855
3283	4956
1268	1460
1161	1957
2816	3143
3963	4005
1648	1917
4751	5122
249	251
3882	3917
1192	1193
2921	5004
3996	4066
4527	4804
796	797
668	5146
1183	1191
392	5041
2832	2837
4709	4734
2461	2462
1662	1663
2757	5025
1396	1397
2522	4955
2540	5058
1224	1525
4821	5119
3221	5095
3233	3236
4113	4214
3251	5025
3808	3902
4135	4139
4448	4949
536	575
253	254
1672	2014
2628	4946
1286	2142
749	752
2485	4954
4292	4294
4128	4253
780	796
1105	1718
4204	4262
2421	5145
1133	1494
4610	4774
1236	1903
4879	4880
1203	1204
1170	4984
4542	4817
4995	5015
673	5146
4617	4684
505	557
742	745
1717	1922
4280	4292
1577	5053
3791	3938
4210	4310
2608	3189
365	5169
1895	1896
4487	4488
2805	5058
3839	3845
2269	2272
579	611
2916	3139
1206	1450
4139	4163
294	5101
4780	4781
4989	5069
3354	3564
2604	2609
2800	4973
3317	3318
1601	2098
1941	2028
861	5148
4164	4217
167	177
2609	2791
1258	1259
2255	2282
967	998
2542	2829
934	1054
4341	5100
547	555
2122	5080
2440	2886
2647	2649
4485	4541
2591	2913
3782	3802
744	745
1931	2197
3798	4985
4509	4637
2706	4982
4794	4795
2313	2365
3894	3916
2241	2367
3787	3858
4978	5030
1099	1732
3496	3736
3810	3922
4096	4106
1605	1824
78	171
1500	1995
849	888
1159	4988
2565	2659
4100	5056
3584	3626
3842	4985
4644	4645
5099	5162
2435	2703
1258	1993
2597	2929
239	319
953	1024
1602	1839
394	5013
922	928
2790	5154
5056	5123
429	460
1142	1143
1561	1782
4538	4867
1480	1481
274	275
2277	5002
2294	2368
2107	2155
2885	3059
3556	3610
3276	5059
3329	3562
740	750
3643	4886
1514	1737
1567	1569
1860	1993
1548	1639
3569	3578
2691	4943
301	5107
391	392
4868	4869
1364	1472
4074	4077
4129	5123
2254	5057
3927	5155
4004	4035
1211	2077
2592	5147
1529	1530
1112	1460
1118	4959
3419	5124
527	4146
248	5031
915	918
2084	2095
2440	2634
5126	5150
1764	1881
3028	3050
3764	3947
193	194
1492	1985
2968	3012
4471	4640
946	5170
3342	3530
1603	2131
4090	4189
5004	5154
3326	3573
1122	1123
2555	5004
4514	4515
1137	1139
318	1120
3061	5086
4166	4289
5066	5150
2256	5145
1608	1774
5118	5133
75	99
811	5053
460	5127
397	2232
5001	5014
53	112
771	798
2455	2561
3353	3363
4512	4644
4558	4644
3323	4831
134	2563
971	997
2373	5114
4698	4700
328	4996
93	175
1620	4997
174	5070
2103	2147
4635	4684
2603	5147
4881	4916
4853	4883
386	387
425	426
2414	2415
2597	4986
3057	4962
4553	4628
826	827
4705	4712
2481	2483
3072	3202
1358	4984
3185	3188
1704	1842
3774	3796
2701	3269
2398	2399
1713	1905
4351	4352
2656	5094
4159	4232
4008	4050
1081	1335
2746	5015
3686	5128
105	223
2574	2900
3310	5001
4833	4838
58	99
829	4975
3356	3716
721	5018
310	4432
1637	1739
2517	5147
2734	5085
2441	4149
4492	4493
86	4949
3867	3907
944	1004
3354	3424
2295	5037
4182	4211
1288	1290
682	5146
1239	5089
1218	1426
1840	1841
1002	1003
1175	1185
2064	2125
2872	2878
353	5115
1567	5104
4045	4046
4340	4341
859	5023
5018	5144
1669	1809
764	815
123	5003
613	701
3971	3972
1708	1830
4384	4957
5152	5169
2246	2422
4159	4233
5026	5036
1420	1964
1106	1949
4107	4108
331	358
2325	5054
2332	5021
949	965
2887	3190
3342	3343
1269	2183
4443	4966
1610	2149
2435	4946
3338	3673
598	601
1963	1965
1191	1192
2500	3079
4899	4927
1306	5065
689	690
1388	4960
4518	4662
3309	3597
4668	4687
53	173
2510	2617
1088	4983
3481	3700
178	179
744	805
3686	3724
3675	5014
4973	5012
1722	1723
1500	1996
801	1258
352	353
3843	4985
565	1482
1226	1327
2608	2655
682	686
753	2414
2267	2415
2655	3020
4409	4970
937	5038
4526	4760
2379	2387
4561	4678
1086	1421
4354	5100
1415	4988
3365	3580
1714	2195
1394	1398
3928	5049
4413	4945
421	422
3364	4510
1461	2145
1710	1871
4366	4400
3754	3756
5	89
4156	4157
906	4964
1061	1062
2836	5012
1461	2124
1962	2118
3782	5050
2522	2642
2752	3087
2581	5022
4005	5079
4383	4400
1103	1104
2843	3196
863	5135
2566	2678
3483	3537
4035	4058
4341	4401
12	4961
757	5064
841	2352
1362	1451
1650	1955
1335	1392
4476	4560
1236	1578
1295	1305
1576	1947
1067	1902
3668	3746
4156	4243
19	20
1178	1388
2386	2419
3239	4999
4121	5156
2279	2321
1577	1594
3450	3711
2757	2858
678	5018
4479	4486
1600	4959
1590	1680
2465	2714
3550	3707
1163	1518
1544	1612
2139	5113
2523	3048
1143	1475
2609	2624
1816	2024
2616	2617
3347	3361
991	995
3604	3661
259	307
4553	5122
3250	5074
107	187
1631	1730
718	5144
3398	3657
2901	2902
579	595
3348	3730
3622	3733
1064	1161
1946	2115
135	223
139	144
701	703
1563	5032
3919	3934
3950	3999
106	1031
1656	5083
4483	4484
2092	4960
3142	5163
3435	3565
2486	2497
2977	5042
963	5068
964	1031
1439	1812
4427	4431
1200	1349
4612	5119
69	980
1150	1697
4586	4590
1586	1746
3830	3831
4506	4507
2787	5015
2465	5097
1123	1164
1469	4984
2022	5053
4853	4861
3450	3546
1026	1027
1637	1825
646	647
4178	4180
4957	4980
1076	1077
4872	4894
4210	4312
4383	4398
583	5146
1238	1335
5007	5031
1135	5027
2218	2289
4484	4877
3108	5030
432	473
22	177
1727	1756
3175	5016
4420	4945
1550	2111
2667	2789
682	709
3026	4978
4913	4924
1221	1252
1348	1448
2286	2287
3012	5133
89	179
749	806
762	5067
2990	5062
1032	5112
2679	2715
3025	3072
1507	1513
956	984
3179	5094
4139	4225
1117	1500
1769	1841
1807	1848
2435	2525
2776	5022
271	275
1148	1149
1258	1403
3835	3836
781	790
4631	4673
439	473
516	520
588	619
3182	5022
4139	4993
4458	4949
3874	3930
4557	4649
3712	3714
4638	4643
4886	4887
1973	2134
4133	4134
2229	2235
913	918
1643	5121
940	957
1547	1554
3319	3474
4734	4741
1107	1878
3572	3602
2969	4963
4494	4511
1575	2116
119	5156
188	231
3345	3649
1960	4983
2734	3065
1068	1069
2263	2299
3956	4057
2834	5097
3157	5141
4521	4522
988	989
3512	3513
725	5018
176	5090
882	5135
1225	1747
5012	5094
2510	2512
976	1055
2379	2380
1475	2043
253	290
671	705
2651	3290
2091	2145
4628	4734
1107	1250
3150	4971
999	5142
2566	2942
3368	3369
3516	3743
1211	1212
3874	3875
4106	4107
4508	4536
3297	5001
305	5082
4858	4860
2486	2744
375	4987
1324	2099
529	530
1093	1489
2279	2372
1310	1437
1429	1430
4042	4043
4140	4152
255	5169
1651	1789
2606	2619
253	377
4111	4244
1974	2010
2323	5054
3318	3394
3344	3575
140	5003
1578	1632
975	1024
138	230
4015	4030
259	312
604	605
876	879
1222	5092
2192	2193
3469	3470
4086	5158
3505	3697
489	1202
3949	3979
140	4961
2904	5042
3487	3488
609	610
853	5148
414	453
1933	1945
1806	5032
2312	2347
2266	2307
4470	4508
5012	5137
3286	5072
4200	4228
755	765
2091	2135
237	238
1724	1976
22	52
4491	4501
1269	1777
4591	4658
1796	1797
2398	5037
3309	3581
4473	4672
1199	1513
1342	1449
1580	1658
1233	5089
4589	4695
1524	2032
1424	5006
4561	4623
436	462
414	460
913	5148
4532	4651
1106	1107
1206	2087
1310	2140
3751	3768
404	5041
3881	3926
3073	3074
961	988
70	1031
2440	2684
2078	5077
2835	5012
426	5013
3908	5071
4513	4519
4849	4884
950	1044
1269	1411
4867	4868
151	192
4499	4501
1283	1284
3495	3735
3323	3324
1086	1368
1314	1444
3353	3653
547	560
810	5053
2912	5086
2504	5147
1582	1583
2355	2373
682	688
4095	4280
668	5050
4648	4675
565	1483
3045	3076
255	330
3696	5019
4942	4983
2594	2705
1456	1599
553	5132
1098	1380
1102	1278
690	733
4521	4621
1622	1949
4971	5072
3390	3581
4339	5098
1166	4942
2206	2211
1381	1503
2179	2184
1042	1057
390	5114
1061	2003
632	5144
4496	4660
754	5064
937	942
533	565
1156	1775
4956	5066
904	4975
3359	3360
3798	3938
4865	4880
4902	4908
3780	3894
3935	5110
1400	1401
1014	5153
3603	3720
1509	1877
4118	4241
3310	3465
4875	4885
2641	2966
4256	4265
2006	2011
716	717
3351	3674
2657	3156
1654	2039
1324	5000
96	172
1381	1894
848	849
4704	5140
1709	1796
5076	5112
4542	4967
4707	4720
52	195
432	5033
780	5067
2808	3169
4521	4593
1308	2061
3828	3945
2721	5036
1137	1140
2593	5085
1694	1908
3469	3471
3802	3919
4664	4665
4506	4601
1068	1970
1634	1814
536	560
1225	1648
3318	3353
476	5166
3175	5012
2144	5080
2781	3012
4621	4777
2656	3177
4163	5158
4041	4042
848	912
3320	3575
992	1055
4582	4583
4211	4314
540	545
2474	2477
4158	4234
4863	4864
481	494
3703	5014
1297	1351
1615	2158
3460	3466
559	563
1121	1826
1758	1883
3402	3403
1120	4966
1780	1849
3922	5045
342	347
311	369
1714	1844
2850	5059
2546	2859
3485	3685
4578	4662
3634	5128
1343	1509
1391	1440
3399	3626
510	572
1088	1224
801	802
875	5023
2440	2632
3183	3190
1946	2099
2498	5137
3995	4069
4710	4729
4572	5088
3779	3944
4524	4655
2751	3086
3810	3946
4877	4884
1137	1138
3993	4022
4541	4589
4849	4874
3140	3157
1460	5065
1604	1687
4721	4737
221	222
5027	5081
3849	5035
4881	4901
1508	1542
4300	4319
286	4996
2440	5162
3217	4946
2477	4955
4945	5091
1640	2093
129	130
2548	4976
667	5050
544	562
3338	3629
1367	1491
5125	5149
4567	4764
2673	2674
1335	1503
4384	4945
4461	5166
953	954
3372	3517
3309	3693
3295	3335
3979	3980
2161	2162
744	778
1525	4942
3583	3613
1748	2184
3096	5026
781	800
478	481
4474	4509
1381	1507
1089	1402
1340	1341
1230	1525
3978	3980
977	1049
2266	4855
3308	3345
3321	3548
4829	4898
511	562
2905	5085
2597	2935
3072	3138
3141	5141
1613	1782
666	667
1698	2032
2755	3090
74	5120
1196	1522
3824	3894
4441	4966
1253	1298
2632	3284
4150	4174
1857	1952
3013	5133
1105	1754
1371	1372
3633	5014
586	5146
2480	2481
2555	3188
3392	3695
1135	1611
2170	4960
894	895
1944	4977
3807	3808
3411	3667
2282	5114
3356	3639
4894	4895
1627	2004
3379	4479
1558	1847
3411	3678
4829	4885
4866	4924
4040	5079
2228	2360
4058	4059
3866	5008
1118	1464
1119	1826
3142	4971
3180	5137
394	2224
5003	5116
1750	1823
4519	4783
2493	4946
1419	1456
4153	4166
775	818
4460	4949
316	4996
4468	4554
2604	3116
3777	3798
578	579
1828	5136
2271	5078
4183	4184
3454	3455
3570	3589
4492	4585
319	337
576	731
620	627
1472	2189
3965	3966
590	595
3416	3660
3849	3921
3425	3427
495	5160
1703	2168
4694	4696
1773	1879
1649	1808
4371	5084
1418	1922
4575	4657
1624	1663
3498	3500
1717	1890
2215	2397
1697	1827
3146	5066
2678	5118
150	5090
2313	4838
396	420
4103	4306
1548	1709
4073	4074
1101	2063
4562	4812
3492	5124
1586	1722
2561	2883
4732	4739
5038	5170
2968	2969
4011	5079
816	817
2523	2808
3344	3648
1340	1463
576	658
1438	1784
1359	1736
1324	1325
4174	5123
844	863
255	256
1613	1628
55	110
1781	1948
1843	2080
3823	5045
4505	4590
745	803
4930	4939
1599	1687
4534	5140
2175	2176
636	637
1555	1654
2217	2371
3323	3669
1429	2070
2216	2358
4902	4922
4571	4762
1178	1179
4152	4994
3348	3349
571	5010
2627	2628
637	649
2249	4537
4488	4704
616	5018
2218	2346
3325	3343
676	677
4539	4807
2282	2337
1548	1549
3178	5094
3014	3015
4967	5057
3157	5059
257	260
1178	1266
2074	2109
2679	4943
3412	3677
144	152
4497	4768
1366	5065
4513	4697
4291	5048
3318	3422
3546	3619
4609	4645
2802	2923
443	467
953	1057
2173	2193
1116	1604
4947	4962
926	928
2495	3018
3826	5049
78	5157
3428	3624
745	816
4849	4901
4550	4649
2800	5097
